37736.2387659 11694.2588867
37736.2387659 12194.2588867
37736.2387659 12694.2588867
37736.2387659 16694.2588867
37736.2387659 17194.2588867
37736.2387659 17694.2588867
37736.2387659 18194.2588867
38236.2387659 11694.2588867
38236.2387659 12194.2588867
38236.2387659 12694.2588867
38236.2387659 16694.2588867
38236.2387659 17194.2588867
38236.2387659 17694.2588867
38736.2387659 11694.2588867
38736.2387659 12194.2588867
38736.2387659 12694.2588867
38736.2387659 16694.2588867
38736.2387659 17194.2588867
38736.2387659 17694.2588867
39236.2387659 11694.2588867
39236.2387659 12194.2588867
39236.2387659 12694.2588867
39236.2387659 16694.2588867
39236.2387659 17194.2588867
39236.2387659 17694.2588867
39736.2387659 11694.2588867
39736.2387659 12194.2588867
39736.2387659 12694.2588867
39736.2387659 13194.2588867
39736.2387659 13694.2588867
39736.2387659 14194.2588867
39736.2387659 14694.2588867
39736.2387659 15194.2588867
39736.2387659 15694.2588867
39736.2387659 16194.2588867
39736.2387659 16694.2588867
39736.2387659 17194.2588867
39736.2387659 17694.2588867
40236.2387659 11694.2588867
40236.2387659 12194.2588867
40236.2387659 12694.2588867
40236.2387659 13194.2588867
40236.2387659 13694.2588867
40236.2387659 14194.2588867
40236.2387659 14694.2588867
40236.2387659 15194.2588867
40236.2387659 15694.2588867
40236.2387659 16194.2588867
40236.2387659 16694.2588867
40236.2387659 17194.2588867
40236.2387659 17694.2588867
40736.2387659 11694.2588867
40736.2387659 12194.2588867
40736.2387659 12694.2588867
40736.2387659 16694.2588867
40736.2387659 17194.2588867
40736.2387659 17694.2588867
41236.2387659 11694.2588867
41236.2387659 12194.2588867
41236.2387659 12694.2588867
41236.2387659 16694.2588867
41236.2387659 17194.2588867
41236.2387659 17694.2588867
41736.2387659 11694.2588867
41736.2387659 12194.2588867
41736.2387659 12694.2588867
41736.2387659 16694.2588867
41736.2387659 17194.2588867
41736.2387659 17694.2588867
42236.2387659 11694.2588867
42236.2387659 12194.2588867
42236.2387659 12694.2588867
42236.2387659 16694.2588867
42236.2387659 17194.2588867
42236.2387659 17694.2588867
