-3.02875694374 56.2627493178
-2.69875694374 56.2627493178
-2.69875694374 56.5927493178
-2.36875694374 55.9327493178
-2.36875694374 56.2627493178
-2.36875694374 56.5927493178
-2.36875694374 56.9227493178
-2.03875694374 49.9927493178
-2.03875694374 55.9327493178
-2.03875694374 56.2627493178
-2.03875694374 56.5927493178
-2.03875694374 56.9227493178
-2.03875694374 57.2527493178
-1.70875694374 49.6627493178
-1.70875694374 49.9927493178
-1.70875694374 50.3227493178
-1.70875694374 50.6527493178
-1.70875694374 55.6027493178
-1.70875694374 55.9327493178
-1.70875694374 56.2627493178
-1.70875694374 56.5927493178
-1.70875694374 56.9227493178
-1.70875694374 57.2527493178
-1.37875694374 49.6627493178
-1.37875694374 49.9927493178
-1.37875694374 50.3227493178
-1.37875694374 50.6527493178
-1.37875694374 54.9427493178
-1.37875694374 55.2727493178
-1.37875694374 55.6027493178
-1.37875694374 55.9327493178
-1.37875694374 56.2627493178
-1.37875694374 56.5927493178
-1.37875694374 56.9227493178
-1.37875694374 57.2527493178
-1.04875694374 49.6627493178
-1.04875694374 49.9927493178
-1.04875694374 50.3227493178
-1.04875694374 50.6527493178
-1.04875694374 54.6127493178
-1.04875694374 54.9427493178
-1.04875694374 55.2727493178
-1.04875694374 55.6027493178
-1.04875694374 55.9327493178
-1.04875694374 56.2627493178
-1.04875694374 56.5927493178
-1.04875694374 56.9227493178
-1.04875694374 57.2527493178
-0.718756943745 49.6627493178
-0.718756943745 49.9927493178
-0.718756943745 50.3227493178
-0.718756943745 50.6527493178
-0.718756943745 54.2827493178
-0.718756943745 54.6127493178
-0.718756943745 54.9427493178
-0.718756943745 55.2727493178
-0.718756943745 55.6027493178
-0.718756943745 55.9327493178
-0.718756943745 56.2627493178
-0.718756943745 56.5927493178
-0.718756943745 56.9227493178
-0.718756943745 57.2527493178
-0.388756943745 49.6627493178
-0.388756943745 49.9927493178
-0.388756943745 50.3227493178
-0.388756943745 50.6527493178
-0.388756943745 53.6227493178
-0.388756943745 53.9527493178
-0.388756943745 54.2827493178
-0.388756943745 54.6127493178
-0.388756943745 54.9427493178
-0.388756943745 55.2727493178
-0.388756943745 55.6027493178
-0.388756943745 55.9327493178
-0.388756943745 56.2627493178
-0.388756943745 56.5927493178
-0.388756943745 56.9227493178
-0.388756943745 57.2527493178
-0.0587569437447 49.6627493178
-0.0587569437447 49.9927493178
-0.0587569437447 50.3227493178
-0.0587569437447 50.6527493178
-0.0587569437447 50.9827493178
-0.0587569437447 53.2927493178
-0.0587569437447 53.6227493178
-0.0587569437447 53.9527493178
-0.0587569437447 54.2827493178
-0.0587569437447 54.6127493178
-0.0587569437447 54.9427493178
-0.0587569437447 55.2727493178
-0.0587569437447 55.6027493178
-0.0587569437447 55.9327493178
-0.0587569437447 56.2627493178
-0.0587569437447 56.5927493178
-0.0587569437447 56.9227493178
-0.0587569437447 57.2527493178
0.271243056255 49.6627493178
0.271243056255 49.9927493178
0.271243056255 50.3227493178
0.271243056255 50.6527493178
0.271243056255 50.9827493178
0.271243056255 51.3127493178
0.271243056255 52.9627493178
0.271243056255 53.2927493178
0.271243056255 53.6227493178
0.271243056255 53.9527493178
0.271243056255 54.2827493178
0.271243056255 54.6127493178
0.271243056255 54.9427493178
0.271243056255 55.2727493178
0.271243056255 55.6027493178
0.271243056255 55.9327493178
0.271243056255 56.2627493178
0.271243056255 56.5927493178
0.271243056255 56.9227493178
0.271243056255 57.2527493178
0.601243056255 49.6627493178
0.601243056255 49.9927493178
0.601243056255 50.3227493178
0.601243056255 50.6527493178
0.601243056255 50.9827493178
0.601243056255 51.3127493178
0.601243056255 52.9627493178
0.601243056255 53.2927493178
0.601243056255 53.6227493178
0.601243056255 53.9527493178
0.601243056255 54.2827493178
0.601243056255 54.6127493178
0.601243056255 54.9427493178
0.601243056255 55.2727493178
0.601243056255 55.6027493178
0.601243056255 55.9327493178
0.601243056255 56.2627493178
0.601243056255 56.5927493178
0.601243056255 56.9227493178
0.601243056255 57.2527493178
0.931243056255 49.9927493178
0.931243056255 50.3227493178
0.931243056255 50.6527493178
0.931243056255 50.9827493178
0.931243056255 51.3127493178
0.931243056255 51.6427493178
0.931243056255 52.6327493178
0.931243056255 52.9627493178
0.931243056255 53.2927493178
0.931243056255 53.6227493178
0.931243056255 53.9527493178
0.931243056255 54.2827493178
0.931243056255 54.6127493178
0.931243056255 54.9427493178
0.931243056255 55.2727493178
0.931243056255 55.6027493178
0.931243056255 55.9327493178
0.931243056255 56.2627493178
0.931243056255 56.5927493178
0.931243056255 56.9227493178
0.931243056255 57.2527493178
1.26124305626 49.9927493178
1.26124305626 50.3227493178
1.26124305626 50.6527493178
1.26124305626 50.9827493178
1.26124305626 51.3127493178
1.26124305626 51.6427493178
1.26124305626 51.9727493178
1.26124305626 52.3027493178
1.26124305626 52.6327493178
1.26124305626 52.9627493178
1.26124305626 53.2927493178
1.26124305626 53.6227493178
1.26124305626 53.9527493178
1.26124305626 54.2827493178
1.26124305626 54.6127493178
1.26124305626 54.9427493178
1.26124305626 55.2727493178
1.26124305626 55.6027493178
1.26124305626 55.9327493178
1.26124305626 56.2627493178
1.26124305626 56.5927493178
1.26124305626 56.9227493178
1.26124305626 57.2527493178
1.59124305626 50.3227493178
1.59124305626 50.6527493178
1.59124305626 50.9827493178
1.59124305626 51.3127493178
1.59124305626 51.6427493178
1.59124305626 51.9727493178
1.59124305626 52.3027493178
1.59124305626 52.6327493178
1.59124305626 52.9627493178
1.59124305626 53.2927493178
1.59124305626 53.6227493178
1.59124305626 53.9527493178
1.59124305626 54.2827493178
1.59124305626 54.6127493178
1.59124305626 54.9427493178
1.59124305626 55.2727493178
1.59124305626 55.6027493178
1.59124305626 55.9327493178
1.59124305626 56.2627493178
1.59124305626 56.5927493178
1.59124305626 56.9227493178
1.59124305626 57.2527493178
1.92124305626 50.6527493178
1.92124305626 50.9827493178
1.92124305626 51.3127493178
1.92124305626 51.6427493178
1.92124305626 51.9727493178
1.92124305626 52.3027493178
1.92124305626 52.6327493178
1.92124305626 52.9627493178
1.92124305626 53.2927493178
1.92124305626 53.6227493178
1.92124305626 53.9527493178
1.92124305626 54.2827493178
1.92124305626 54.6127493178
1.92124305626 54.9427493178
1.92124305626 55.2727493178
1.92124305626 55.6027493178
1.92124305626 55.9327493178
1.92124305626 56.2627493178
1.92124305626 56.5927493178
1.92124305626 56.9227493178
1.92124305626 57.2527493178
2.25124305626 50.9827493178
2.25124305626 51.3127493178
2.25124305626 51.6427493178
2.25124305626 51.9727493178
2.25124305626 52.3027493178
2.25124305626 52.6327493178
2.25124305626 52.9627493178
2.25124305626 53.2927493178
2.25124305626 53.6227493178
2.25124305626 53.9527493178
2.25124305626 54.2827493178
2.25124305626 54.6127493178
2.25124305626 54.9427493178
2.25124305626 55.2727493178
2.25124305626 55.6027493178
2.25124305626 55.9327493178
2.25124305626 56.2627493178
2.25124305626 56.5927493178
2.25124305626 56.9227493178
2.25124305626 57.2527493178
2.58124305626 51.3127493178
2.58124305626 51.6427493178
2.58124305626 51.9727493178
2.58124305626 52.3027493178
2.58124305626 52.6327493178
2.58124305626 52.9627493178
2.58124305626 53.2927493178
2.58124305626 53.6227493178
2.58124305626 53.9527493178
2.58124305626 54.2827493178
2.58124305626 54.6127493178
2.58124305626 54.9427493178
2.58124305626 55.2727493178
2.58124305626 55.6027493178
2.58124305626 55.9327493178
2.58124305626 56.2627493178
2.58124305626 56.5927493178
2.58124305626 56.9227493178
2.58124305626 57.2527493178
2.91124305626 51.3127493178
2.91124305626 51.6427493178
2.91124305626 51.9727493178
2.91124305626 52.3027493178
2.91124305626 52.6327493178
2.91124305626 52.9627493178
2.91124305626 53.2927493178
2.91124305626 53.6227493178
2.91124305626 53.9527493178
2.91124305626 54.2827493178
2.91124305626 54.6127493178
2.91124305626 54.9427493178
2.91124305626 55.2727493178
2.91124305626 55.6027493178
2.91124305626 55.9327493178
2.91124305626 56.2627493178
2.91124305626 56.5927493178
2.91124305626 56.9227493178
2.91124305626 57.2527493178
3.24124305626 51.3127493178
3.24124305626 51.6427493178
3.24124305626 51.9727493178
3.24124305626 52.3027493178
3.24124305626 52.6327493178
3.24124305626 52.9627493178
3.24124305626 53.2927493178
3.24124305626 53.6227493178
3.24124305626 53.9527493178
3.24124305626 54.2827493178
3.24124305626 54.6127493178
3.24124305626 54.9427493178
3.24124305626 55.2727493178
3.24124305626 55.6027493178
3.24124305626 55.9327493178
3.24124305626 56.2627493178
3.24124305626 56.5927493178
3.24124305626 56.9227493178
3.24124305626 57.2527493178
3.57124305626 51.3127493178
3.57124305626 51.6427493178
3.57124305626 51.9727493178
3.57124305626 52.3027493178
3.57124305626 52.6327493178
3.57124305626 52.9627493178
3.57124305626 53.2927493178
3.57124305626 53.6227493178
3.57124305626 53.9527493178
3.57124305626 54.2827493178
3.57124305626 54.6127493178
3.57124305626 54.9427493178
3.57124305626 55.2727493178
3.57124305626 55.6027493178
3.57124305626 55.9327493178
3.57124305626 56.2627493178
3.57124305626 56.5927493178
3.57124305626 56.9227493178
3.57124305626 57.2527493178
3.90124305626 51.3127493178
3.90124305626 51.6427493178
3.90124305626 51.9727493178
3.90124305626 52.3027493178
3.90124305626 52.6327493178
3.90124305626 52.9627493178
3.90124305626 53.2927493178
3.90124305626 53.6227493178
3.90124305626 53.9527493178
3.90124305626 54.2827493178
3.90124305626 54.6127493178
3.90124305626 54.9427493178
3.90124305626 55.2727493178
3.90124305626 55.6027493178
3.90124305626 55.9327493178
3.90124305626 56.2627493178
3.90124305626 56.5927493178
3.90124305626 56.9227493178
3.90124305626 57.2527493178
4.23124305626 51.3127493178
4.23124305626 51.6427493178
4.23124305626 51.9727493178
4.23124305626 52.3027493178
4.23124305626 52.6327493178
4.23124305626 52.9627493178
4.23124305626 53.2927493178
4.23124305626 53.6227493178
4.23124305626 53.9527493178
4.23124305626 54.2827493178
4.23124305626 54.6127493178
4.23124305626 54.9427493178
4.23124305626 55.2727493178
4.23124305626 55.6027493178
4.23124305626 55.9327493178
4.23124305626 56.2627493178
4.23124305626 56.5927493178
4.23124305626 56.9227493178
4.23124305626 57.2527493178
4.56124305626 52.3027493178
4.56124305626 52.6327493178
4.56124305626 52.9627493178
4.56124305626 53.2927493178
4.56124305626 53.6227493178
4.56124305626 53.9527493178
4.56124305626 54.2827493178
4.56124305626 54.6127493178
4.56124305626 54.9427493178
4.56124305626 55.2727493178
4.56124305626 55.6027493178
4.56124305626 55.9327493178
4.56124305626 56.2627493178
4.56124305626 56.5927493178
4.56124305626 56.9227493178
4.56124305626 57.2527493178
4.89124305626 52.6327493178
4.89124305626 52.9627493178
4.89124305626 53.2927493178
4.89124305626 53.6227493178
4.89124305626 53.9527493178
4.89124305626 54.2827493178
4.89124305626 54.6127493178
4.89124305626 54.9427493178
4.89124305626 55.2727493178
4.89124305626 55.6027493178
4.89124305626 55.9327493178
4.89124305626 56.2627493178
4.89124305626 56.5927493178
4.89124305626 56.9227493178
4.89124305626 57.2527493178
5.22124305626 52.9627493178
5.22124305626 53.2927493178
5.22124305626 53.6227493178
5.22124305626 53.9527493178
5.22124305626 54.2827493178
5.22124305626 54.6127493178
5.22124305626 54.9427493178
5.22124305626 55.2727493178
5.22124305626 55.6027493178
5.22124305626 55.9327493178
5.22124305626 56.2627493178
5.22124305626 56.5927493178
5.22124305626 56.9227493178
5.22124305626 57.2527493178
5.55124305626 53.2927493178
5.55124305626 53.6227493178
5.55124305626 53.9527493178
5.55124305626 54.2827493178
5.55124305626 54.6127493178
5.55124305626 54.9427493178
5.55124305626 55.2727493178
5.55124305626 55.6027493178
5.55124305626 55.9327493178
5.55124305626 56.2627493178
5.55124305626 56.5927493178
5.55124305626 56.9227493178
5.55124305626 57.2527493178
5.88124305626 53.2927493178
5.88124305626 53.6227493178
5.88124305626 53.9527493178
5.88124305626 54.2827493178
5.88124305626 54.6127493178
5.88124305626 54.9427493178
5.88124305626 55.2727493178
5.88124305626 55.6027493178
5.88124305626 55.9327493178
5.88124305626 56.2627493178
5.88124305626 56.5927493178
5.88124305626 56.9227493178
5.88124305626 57.2527493178
6.21124305626 53.6227493178
6.21124305626 53.9527493178
6.21124305626 54.2827493178
6.21124305626 54.6127493178
6.21124305626 54.9427493178
6.21124305626 55.2727493178
6.21124305626 55.6027493178
6.21124305626 55.9327493178
6.21124305626 56.2627493178
6.21124305626 56.5927493178
6.21124305626 56.9227493178
6.21124305626 57.2527493178
6.54124305626 53.2927493178
6.54124305626 53.6227493178
6.54124305626 53.9527493178
6.54124305626 54.2827493178
6.54124305626 54.6127493178
6.54124305626 54.9427493178
6.54124305626 55.2727493178
6.54124305626 55.6027493178
6.54124305626 55.9327493178
6.54124305626 56.2627493178
6.54124305626 56.5927493178
6.54124305626 56.9227493178
6.54124305626 57.2527493178
6.87124305626 53.2927493178
6.87124305626 53.6227493178
6.87124305626 53.9527493178
6.87124305626 54.2827493178
6.87124305626 54.6127493178
6.87124305626 54.9427493178
6.87124305626 55.2727493178
6.87124305626 55.6027493178
6.87124305626 55.9327493178
6.87124305626 56.2627493178
6.87124305626 56.5927493178
6.87124305626 56.9227493178
6.87124305626 57.2527493178
7.20124305626 53.2927493178
7.20124305626 53.6227493178
7.20124305626 53.9527493178
7.20124305626 54.2827493178
7.20124305626 54.6127493178
7.20124305626 54.9427493178
7.20124305626 55.2727493178
7.20124305626 55.6027493178
7.20124305626 55.9327493178
7.20124305626 56.2627493178
7.20124305626 56.5927493178
7.20124305626 56.9227493178
7.20124305626 57.2527493178
7.53124305626 53.2927493178
7.53124305626 53.6227493178
7.53124305626 53.9527493178
7.53124305626 54.2827493178
7.53124305626 54.6127493178
7.53124305626 54.9427493178
7.53124305626 55.2727493178
7.53124305626 55.6027493178
7.53124305626 55.9327493178
7.53124305626 56.2627493178
7.53124305626 56.5927493178
7.53124305626 56.9227493178
7.53124305626 57.2527493178
7.86124305626 53.2927493178
7.86124305626 53.6227493178
7.86124305626 53.9527493178
7.86124305626 54.2827493178
7.86124305626 54.6127493178
7.86124305626 54.9427493178
7.86124305626 55.2727493178
7.86124305626 55.6027493178
7.86124305626 55.9327493178
7.86124305626 56.2627493178
7.86124305626 56.5927493178
7.86124305626 56.9227493178
7.86124305626 57.2527493178
8.19124305626 53.2927493178
8.19124305626 53.6227493178
8.19124305626 53.9527493178
8.19124305626 54.2827493178
8.19124305626 54.6127493178
8.19124305626 54.9427493178
8.19124305626 55.2727493178
8.19124305626 55.6027493178
8.19124305626 55.9327493178
8.19124305626 56.5927493178
8.19124305626 56.9227493178
8.19124305626 57.2527493178
8.52124305626 53.2927493178
8.52124305626 53.6227493178
8.52124305626 53.9527493178
8.52124305626 54.2827493178
8.52124305626 54.6127493178
8.52124305626 54.9427493178
8.52124305626 55.2727493178
8.52124305626 56.9227493178
8.52124305626 57.2527493178
8.85124305626 53.6227493178
8.85124305626 53.9527493178
8.85124305626 54.2827493178
8.85124305626 54.6127493178
8.85124305626 57.2527493178
9.18124305626 53.9527493178
