36015.070443 16303.5584604
38167.2854031 16240.5228758
39238.8903413 16087.4364561
39409.9869281 15934.3500363
39418.9920116 15745.2432825
39418.9920116 13223.8198983
39400.9818446 13034.7131445
39220.8801743 12953.6673929
35997.060276 12926.6521423
44011.5846042 16240.5228758
42093.5018155 16249.5279593
41454.140886 16186.4923747
40868.8104575 16114.4517066
40607.6630356 15970.3703704
40562.637618 14547.567175
40580.647785 13205.8097313
40643.6833696 13034.7131445
40832.7901235 12944.6623094
43993.5744372 12908.6419753
